ParentNodePhylo	ParentNode	ChildNodePhylo	ChildNode	OGsWithGains	OGsWithLosses	TotalCopyGains	TotalCopyLosses
205->1	104	205	1	1	3299	2618	19654	13957
205->204	104	205	105	204	742	1545	1019	8388
204->2	105	204	2	2	4367	1655	14470	5335
204->203	105	204	106	203	424	1311	429	3281
203->55	106	203	107	55	833	533	870	1010
55->33	107	55	108	33	163	179	187	434
33->9	108	33	109	9	2682	1086	4895	2135
9->3	109	9	3	3	3883	1965	8183	2489
9->8	109	9	110	8	236	78	297	84
8->4	110	8	4	4	3559	940	6902	1245
8->7	110	8	111	7	615	518	752	703
7->5	111	7	5	5	2856	1081	5023	1332
7->6	111	7	6	6	2779	2355	4271	3218
33->32	108	33	112	32	2089	894	3165	2083
32->12	112	32	113	12	1845	969	2595	1214
12->10	113	12	7	10	2297	1693	3254	2071
12->11	113	12	8	11	2626	968	3442	1192
32->31	112	32	114	31	252	532	339	569
31->23	114	31	115	23	421	127	538	133
23->15	115	23	116	15	197	46	229	48
15->13	116	15	9	13	3102	1390	5573	1914
15->14	116	15	10	14	3881	1233	6688	1783
23->22	115	23	117	22	56	13	59	14
22->16	117	22	11	16	3362	1569	5335	2168
22->21	117	22	118	21	389	170	430	190
21->17	118	21	12	17	2911	1330	5633	1796
21->20	118	21	119	20	1129	366	1282	442
20->18	119	20	13	18	2732	1352	4177	2102
20->19	119	20	14	19	5101	1508	10087	1833
31->30	114	31	120	30	126	142	138	169
30->24	120	30	15	24	2905	1566	4674	2339
30->29	120	30	121	29	164	64	178	68
29->25	121	29	16	25	2473	2252	3875	3211
29->28	121	29	122	28	330	45	385	46
28->26	122	28	17	26	3624	1805	5451	2421
28->27	122	28	18	27	3774	1106	6913	1353
55->54	107	55	123	54	1978	466	2491	1229
54->34	123	54	19	34	4960	1103	9194	1612
54->53	123	54	124	53	905	456	1027	731
53->41	124	53	125	41	643	216	703	258
41->35	125	41	20	35	2786	1585	4326	1973
41->40	125	41	126	40	227	92	232	106
40->36	126	40	21	36	2380	1928	3552	2669
40->39	126	40	127	39	585	140	647	153
39->37	127	39	22	37	2341	1418	3433	1928
39->38	127	39	23	38	4793	741	9582	855
53->52	124	53	128	52	274	139	303	171
52->46	128	52	129	46	570	154	703	164
46->42	129	46	24	42	4622	1939	12152	2562
46->45	129	46	130	45	901	239	1158	257
45->43	130	45	25	43	2758	1090	5044	1245
45->44	130	45	26	44	2498	1223	3702	1688
52->51	128	52	131	51	1052	847	1195	1021
51->47	131	51	27	47	4290	919	12761	1086
51->50	131	51	132	50	111	107	117	115
50->48	132	50	28	48	1625	2226	2078	2995
50->49	132	50	29	49	1948	1384	2608	1847
203->202	106	203	133	202	65	356	65	396
202->56	133	202	30	56	5269	967	11206	2733
202->201	133	202	134	201	1	18	1	21
201->75	134	201	135	75	1654	858	1889	1889
75->57	135	75	31	57	3605	1676	6628	3047
75->74	135	75	136	74	1048	427	1248	1023
74->62	136	74	137	62	340	119	393	145
62->60	137	62	138	60	1655	753	2592	996
60->58	138	60	32	58	1230	837	1587	1107
60->59	138	60	33	59	1825	615	3150	706
62->61	137	62	34	61	2887	903	5514	1242
74->73	136	74	139	73	797	504	964	687
73->63	139	73	35	63	2938	1351	4522	1792
73->72	139	73	140	72	394	550	468	564
72->66	140	72	141	66	254	51	316	51
66->64	141	66	36	64	1907	1740	2915	2461
66->65	141	66	37	65	3939	787	12464	934
72->71	140	72	142	71	61	18	71	18
71->67	142	71	38	67	2193	843	3969	1144
71->70	142	71	143	70	132	94	151	101
70->68	143	70	39	68	1878	1651	2780	2351
70->69	143	70	40	69	2191	811	3655	1072
201->200	134	201	144	200	231	117	257	139
200->108	144	200	145	108	1008	477	1485	628
108->76	145	108	41	76	2741	3416	4574	5985
108->107	145	108	146	107	196	42	280	46
107->85	146	107	147	85	1026	290	1151	632
85->79	147	85	148	79	2761	638	5408	1264
79->77	148	79	42	77	5180	783	14778	1277
79->78	148	79	43	78	773	4667	1975	7445
85->84	147	85	149	84	1156	510	1435	993
84->80	149	84	44	80	3717	1158	6962	1693
84->83	149	84	150	83	663	462	1051	717
83->81	150	83	45	81	5057	365	14499	475
83->82	150	83	46	82	1350	3933	1843	6029
107->106	146	107	151	106	1431	148	2496	242
106->86	151	106	47	86	3889	1312	7049	2788
106->105	151	106	152	105	318	34	484	40
105->91	152	105	153	91	3091	671	5236	1913
91->87	153	91	48	87	2044	1231	3474	1763
91->90	153	91	154	90	275	78	395	96
90->88	154	90	49	88	1796	1107	3294	1531
90->89	154	90	50	89	2165	932	3480	1407
105->104	152	105	155	104	346	36	558	41
104->94	155	104	156	94	3647	470	9061	948
94->92	156	94	51	92	2157	1792	7059	3992
94->93	156	94	52	93	5869	514	32020	807
104->103	155	104	157	103	1500	226	1917	374
103->95	157	103	53	95	4608	1275	10133	2795
103->102	157	103	158	102	3029	511	5915	875
102->96	158	102	54	96	2484	1755	5519	2953
102->101	158	102	159	101	1169	153	1792	251
101->97	159	101	55	97	3368	1360	7331	2533
101->100	159	101	160	100	1816	525	3045	813
100->98	160	100	56	98	4145	817	10899	1272
100->99	160	100	57	99	1721	1975	3509	3684
200->199	144	200	161	199	21	42	22	53
199->193	161	199	162	193	359	242	396	495
193->189	162	193	163	189	6	24	6	29
189->117	163	189	164	117	735	151	746	300
117->109	164	117	58	109	2362	3758	3769	5675
117->116	164	117	165	116	2740	762	4184	1462
116->112	165	116	166	112	675	182	813	210
112->110	166	112	59	110	3754	827	6949	996
112->111	166	112	60	111	3192	1123	5323	1437
116->115	165	116	167	115	890	228	1126	280
115->113	167	115	61	113	2213	1366	4575	1812
115->114	167	115	62	114	3663	916	6158	1198
189->188	163	189	168	188	22	45	22	57
188->120	168	188	169	120	1767	364	2137	630
120->118	169	120	63	118	4720	1080	10197	1791
120->119	169	120	64	119	4640	985	9880	1671
188->187	168	188	170	187	685	258	705	457
187->173	170	187	171	173	1763	521	2108	944
173->121	171	173	65	121	2374	3044	4278	4333
173->172	171	173	172	172	290	340	316	357
172->122	172	172	66	122	3644	1345	6375	1712
172->171	172	172	173	171	19	31	21	35
171->123	173	171	67	123	4033	1296	7032	1743
171->170	173	171	174	170	543	316	923	419
170->124	174	170	68	124	4370	1523	8946	2106
170->169	174	170	175	169	110	41	132	43
169->127	175	169	176	127	2560	611	3604	655
127->125	176	127	69	125	5654	633	17391	808
127->126	176	127	70	126	3346	1486	6943	1909
169->168	175	169	177	168	389	92	440	102
168->162	177	168	178	162	356	127	441	170
162->130	178	162	179	130	1360	824	1447	952
130->128	179	130	71	128	4113	1242	7699	1445
130->129	179	130	72	129	2164	2280	3153	3263
162->161	178	162	180	161	2852	1054	4185	1449
161->137	180	161	181	137	2094	510	2549	577
137->131	181	137	73	131	3228	1846	6177	2692
137->136	181	137	182	136	939	236	1090	255
136->132	182	136	74	132	2922	2286	4999	3461
136->135	182	136	183	135	1131	165	1383	168
135->133	183	135	75	133	4611	1532	8647	2085
135->134	183	135	76	134	3900	1016	6778	1367
161->160	180	161	184	160	0	0	0	0
160->156	184	160	185	156	68	18	72	18
156->138	185	156	77	138	5330	1029	13433	1220
156->155	185	156	186	155	0	0	0	0
155->141	186	155	187	141	155	6	160	6
141->139	187	141	78	139	4683	1386	8581	1778
141->140	187	141	79	140	3978	1722	8944	2342
155->154	186	155	188	154	2121	772	2973	967
154->142	188	154	80	142	2467	2267	4087	3293
154->153	188	154	189	153	179	19	257	19
153->145	189	153	190	145	1518	1253	2448	1653
145->143	190	145	81	143	2453	1609	4151	2175
145->144	190	145	82	144	3035	1331	5321	1720
153->152	189	153	191	152	2959	352	5116	395
152->146	191	152	83	146	2610	1628	5047	2203
152->151	191	152	192	151	204	1	229	1
151->147	192	151	84	147	4320	1485	7302	2087
151->150	192	151	193	150	1966	1062	3233	1394
150->148	193	150	85	148	1898	1146	2788	1477
150->149	193	150	86	149	3016	1017	4453	1274
160->159	184	160	194	159	2053	2074	3309	2791
159->157	194	159	87	157	1800	916	2668	1067
159->158	194	159	88	158	1636	1217	2906	1438
168->167	177	168	195	167	2338	956	3373	1088
167->163	195	167	89	163	3085	1955	5183	2711
167->166	195	167	196	166	0	0	0	0
166->164	196	166	90	164	2836	1972	4490	2840
166->165	196	166	91	165	3791	1276	7566	1701
187->186	170	187	197	186	2261	736	3898	1357
186->178	197	186	198	178	484	324	702	397
178->174	198	178	92	174	3669	1679	7559	2266
178->177	198	178	199	177	777	543	948	786
177->175	199	177	93	175	4070	1266	7738	1958
177->176	199	177	94	176	2623	1671	4423	2702
186->185	197	186	200	185	2283	434	3179	538
185->179	200	185	95	179	1786	1051	3331	1683
185->184	200	185	201	184	880	476	1347	585
184->180	201	184	96	180	1554	692	3327	1023
184->183	201	184	202	183	629	651	1153	951
183->181	202	183	97	181	1441	1107	2625	1310
183->182	202	183	98	182	1425	651	2701	963
193->192	162	193	203	192	3148	699	5158	1623
192->190	203	192	99	190	2172	1186	4728	1499
192->191	203	192	100	191	2405	715	3873	1114
199->198	161	199	204	198	2939	633	4151	1400
198->194	204	198	101	194	9167	431	29013	706
198->197	204	198	205	197	1137	886	1695	1684
197->195	205	197	102	195	2072	2583	3702	3290
197->196	205	197	103	196	3510	884	5334	1024
